C:\Users\maxim\Desktop\knn_mnist>python knn.py


Classify with k = 1:

Testing on    set       0 :   10000 ______________
||||||||||||||||||||||||||||||||||||||||||||||||||
The confusion matrix is :
[[9.730e+02 0.000e+00 7.000e+00 0.000e+00 0.000e+00 1.000e+00 4.000e+00
  0.000e+00 6.000e+00 2.000e+00]
 [1.000e+00 1.129e+03 6.000e+00 1.000e+00 7.000e+00 1.000e+00 2.000e+00
  1.400e+01 1.000e+00 5.000e+00]
 [1.000e+00 3.000e+00 9.920e+02 2.000e+00 0.000e+00 0.000e+00 0.000e+00
  6.000e+00 3.000e+00 1.000e+00]
 [0.000e+00 0.000e+00 5.000e+00 9.700e+02 0.000e+00 1.200e+01 0.000e+00
  2.000e+00 1.400e+01 6.000e+00]
 [0.000e+00 1.000e+00 1.000e+00 1.000e+00 9.440e+02 2.000e+00 3.000e+00
  4.000e+00 5.000e+00 1.000e+01]
 [1.000e+00 1.000e+00 0.000e+00 1.900e+01 0.000e+00 8.600e+02 5.000e+00
  0.000e+00 1.300e+01 5.000e+00]
 [3.000e+00 1.000e+00 2.000e+00 0.000e+00 3.000e+00 5.000e+00 9.440e+02
  0.000e+00 3.000e+00 1.000e+00]
 [1.000e+00 0.000e+00 1.600e+01 7.000e+00 5.000e+00 1.000e+00 0.000e+00
  9.920e+02 4.000e+00 1.100e+01]
 [0.000e+00 0.000e+00 3.000e+00 7.000e+00 1.000e+00 6.000e+00 0.000e+00
  0.000e+00 9.200e+02 1.000e+00]
 [0.000e+00 0.000e+00 0.000e+00 3.000e+00 2.200e+01 4.000e+00 0.000e+00
  1.000e+01 5.000e+00 9.670e+02]]


The accuracy is  96.91
The confidence interval is  0.9657082830026076   0.9724917169973923

 Starting the training


Validating on set       0 :    6000 ______________
||||||||||||||||||||||||||||||||||||||||||||||||||
Validating on set    6000 :   12000 ______________
||||||||||||||||||||||||||||||||||||||||||||||||||
Validating on set   12000 :   18000 ______________
||||||||||||||||||||||||||||||||||||||||||||||||||
Validating on set   18000 :   24000 ______________
||||||||||||||||||||||||||||||||||||||||||||||||||
Validating on set   24000 :   30000 ______________
||||||||||||||||||||||||||||||||||||||||||||||||||
Validating on set   30000 :   36000 ______________
||||||||||||||||||||||||||||||||||||||||||||||||||
Validating on set   36000 :   42000 ______________
||||||||||||||||||||||||||||||||||||||||||||||||||
Validating on set   42000 :   48000 ______________
||||||||||||||||||||||||||||||||||||||||||||||||||
Validating on set   48000 :   54000 ______________
||||||||||||||||||||||||||||||||||||||||||||||||||
Validating on set   54000 :   60000 ______________
||||||||||||||||||||||||||||||||||||||||||||||||||

The normalized error of each choice of k:
[0.0295     0.0295     0.02773333 0.0271     0.02878333 0.02811667
 0.03013333 0.02986667 0.03173333 0.03131667]
The k chosen =  4

Testing on    set       0 :   10000 ______________
||||||||||||||||||||||||||||||||||||||||||||||||||
The confusion matrix is :
[[9.730e+02 0.000e+00 1.000e+01 0.000e+00 1.000e+00 4.000e+00 4.000e+00
  0.000e+00 5.000e+00 2.000e+00]
 [1.000e+00 1.132e+03 5.000e+00 1.000e+00 5.000e+00 0.000e+00 2.000e+00
  1.700e+01 2.000e+00 5.000e+00]
 [1.000e+00 2.000e+00 9.950e+02 2.000e+00 0.000e+00 0.000e+00 0.000e+00
  4.000e+00 4.000e+00 2.000e+00]
 [0.000e+00 0.000e+00 2.000e+00 9.750e+02 0.000e+00 9.000e+00 0.000e+00
  0.000e+00 1.300e+01 7.000e+00]
 [0.000e+00 0.000e+00 1.000e+00 1.000e+00 9.480e+02 2.000e+00 3.000e+00
  3.000e+00 5.000e+00 8.000e+00]
 [1.000e+00 0.000e+00 0.000e+00 1.400e+01 0.000e+00 8.640e+02 3.000e+00
  0.000e+00 1.000e+01 4.000e+00]
 [3.000e+00 1.000e+00 0.000e+00 1.000e+00 4.000e+00 6.000e+00 9.460e+02
  0.000e+00 4.000e+00 1.000e+00]
 [1.000e+00 0.000e+00 1.600e+01 7.000e+00 4.000e+00 1.000e+00 0.000e+00
  9.930e+02 4.000e+00 1.100e+01]
 [0.000e+00 0.000e+00 3.000e+00 4.000e+00 0.000e+00 3.000e+00 0.000e+00
  0.000e+00 9.220e+02 1.000e+00]
 [0.000e+00 0.000e+00 0.000e+00 5.000e+00 2.000e+01 3.000e+00 0.000e+00
  1.100e+01 5.000e+00 9.680e+02]]


The accuracy is  97.16
The confidence interval is  0.9683441904370188   0.9748558095629812

Testing on    set       0 :   10000 ______________
||||||||||||||||||||||||||||||||||||||||||||||||||
The confusion matrix is :
[[9.760e+02 0.000e+00 6.000e+00 0.000e+00 0.000e+00 2.000e+00 5.000e+00
  0.000e+00 4.000e+00 3.000e+00]
 [0.000e+00 1.132e+03 4.000e+00 1.000e+00 7.000e+00 2.000e+00 4.000e+00
  1.900e+01 0.000e+00 8.000e+00]
 [1.000e+00 2.000e+00 1.002e+03 2.000e+00 0.000e+00 0.000e+00 0.000e+00
  4.000e+00 2.000e+00 1.000e+00]
 [0.000e+00 0.000e+00 1.000e+00 9.920e+02 0.000e+00 8.000e+00 0.000e+00
  0.000e+00 1.400e+01 3.000e+00]
 [0.000e+00 0.000e+00 0.000e+00 0.000e+00 9.540e+02 0.000e+00 2.000e+00
  2.000e+00 5.000e+00 6.000e+00]
 [1.000e+00 0.000e+00 0.000e+00 6.000e+00 0.000e+00 8.700e+02 1.000e+00
  0.000e+00 8.000e+00 7.000e+00]
 [1.000e+00 0.000e+00 0.000e+00 0.000e+00 3.000e+00 5.000e+00 9.460e+02
  0.000e+00 2.000e+00 0.000e+00]
 [1.000e+00 0.000e+00 1.600e+01 5.000e+00 2.000e+00 1.000e+00 0.000e+00
  9.950e+02 3.000e+00 8.000e+00]
 [0.000e+00 0.000e+00 2.000e+00 4.000e+00 0.000e+00 1.000e+00 0.000e+00
  0.000e+00 9.280e+02 1.000e+00]
 [0.000e+00 1.000e+00 1.000e+00 0.000e+00 1.600e+01 3.000e+00 0.000e+00
  8.000e+00 8.000e+00 9.720e+02]]


The accuracy is  97.67
The confidence interval is  0.9737432498621629   0.9796567501378372
The execution took:
69651.747