


Classify with k = 1:

Testing on    set       0 :   10000 ______________
||||||||||||||||||||||||||||||||||||||||||||||||||
The confusion matrix is :
 [973  0   7    0    0    1    4    0    6    2]
 [ 1  1129 6    1    7    1    2   14    1    5]
 [ 1   3  992   2    0    0    0    6    3    1]
 [ 0   0   5   970   0   12    0    2   14    6]
 [ 0   1   1    1   944   2    3    4    5   10]
 [ 1   1   0   19    0   860   5    0   13    5]
 [ 3   1   2    0    3    5   944   0    3    1]
 [ 1   0  16    7    5    1    0   992   4   11]
 [ 0   0   3    7    1    6    0    0   920   1]
 [ 0   0   0    3   22    4    0   10    5  967]


The accuracy is  96.91
The confidence interval is  0.9657082830026076   0.9724917169973923

 Starting the training


Validating on set       0 :    6000 ______________
||||||||||||||||||||||||||||||||||||||||||||||||||
Validating on set    6000 :   12000 ______________
||||||||||||||||||||||||||||||||||||||||||||||||||
Validating on set   12000 :   18000 ______________
||||||||||||||||||||||||||||||||||||||||||||||||||
Validating on set   18000 :   24000 ______________
||||||||||||||||||||||||||||||||||||||||||||||||||
Validating on set   24000 :   30000 ______________
||||||||||||||||||||||||||||||||||||||||||||||||||
Validating on set   30000 :   36000 ______________
||||||||||||||||||||||||||||||||||||||||||||||||||
Validating on set   36000 :   42000 ______________
||||||||||||||||||||||||||||||||||||||||||||||||||
Validating on set   42000 :   48000 ______________
||||||||||||||||||||||||||||||||||||||||||||||||||
Validating on set   48000 :   54000 ______________
||||||||||||||||||||||||||||||||||||||||||||||||||
Validating on set   54000 :   60000 ______________
||||||||||||||||||||||||||||||||||||||||||||||||||

The normalized error of each choice of k:
[0.0295     0.0295     0.02773333 0.0271     0.02878333 0.02811667	0.03013333 0.02986667 0.03173333 0.03131667]
The k chosen =  4

Testing on    set       0 :   10000 ______________
||||||||||||||||||||||||||||||||||||||||||||||||||
The confusion matrix is :
[973   0   10   0   1   4   4   0   5   2]
[1   1132   5   1   5   0   2   17  2   5]
[1     2    995 2   0   0   0   4   4   2]
[0     0    2   975 0   9   0   0   13  7]
[0     0    1   1   948 2   3   3   5   8]
[1     0    0  14   0  864  3   0  10   4]
[3     1    0   1   4   6  946  0   4   1]
[1     0   16   7   4   1   0  993  4  11]
[0     0    3   4   0   3   0   0  922  1]
[0     0    0   5   20  3   0  11   5 968]


The accuracy is  97.16
The confidence interval is  0.9683441904370188   0.9748558095629812

Testing on    set       0 :   10000 ______________
||||||||||||||||||||||||||||||||||||||||||||||||||
The confusion matrix is :
[976   0    6   0   0   2   5   0   4   3]
[0   1132   4   1   7   2   4   19  0   8]
[1     2   1002 2   0   0   0   4   2   1]
[0     0    1  992  0   8   0   0   14  3]
[0     0    0   0  954  0   2   2   5   6]
[1     0    0   6   0  870  1   0   8   7]
[1     0    0   0   3   5  946  0   2   0]
[1     0   16   5   2   1   0  995  3   8]
[0     0    2   4   0   1   0   0  928  1]
[0     1    1   0  16   3   0   8   8 972]


The accuracy is  97.67
The confidence interval is  0.9737432498621629   0.9796567501378372
The execution took:
69651.747